; ----------------------------------------------
; MAZE (maze.bmp) 
; Converted using maze2lisp Converter 
; ----------------------------------------------
; Significado de la codificación: 
; 
; (1 arriba) (2 derecha) (3 abajo) (4 izquierda)
; ----------------------------------------------
; ----------------------------------------
; NÚMERO DE FILAS Y COLUMNAS
; ----------------------------------------
7 7
; ----------------------------------------
; ESTADO INICIAL Y ESTADO META
; ----------------------------------------
2 0
6 3
; ----------------------------------------
; CODIFICACIÓN DEL LABERINTO
; ----------------------------------------
(1 4 ) (1 ) (1 2 ) (1 3 4 ) (1 3 ) (1 3 ) (1 2 ) 
(2 3 4 ) (2 4 ) (3 4 ) (1 3 ) (1 3 ) (1 2 ) (2 4 ) 
(1 2 ) (2 4 ) (1 3 4 ) (1 ) (1 2 ) (2 4 ) (2 4 ) 
(3 4 ) (2 3 ) (1 4 ) (2 3 ) (2 4 ) (2 4 ) (2 4 ) 
(1 2 4 ) (1 4 ) (3 ) (1 2 ) (2 3 4 ) (2 4 ) (2 4 ) 
(4 ) (2 3 ) (1 2 4 ) (3 4 ) (1 2 ) (2 4 ) (2 4 ) 
(3 4 ) (1 3 ) (3 ) (1 2 ) (3 4 ) (3 ) (2 3 ) 